Debug: 3

                  ????????

          ??????(+?????????)??????

                  ?????????

            ???????????????????? = {51,10,10,32,32,32,32,32,32,32,32,32,32,32,32,32,32,32,32,32,32,35201,22238,22797,21527,65311,10,10,32,32,32,32,32,32,32,32,32,32,22238,22797,39764,27861,40,43,22238,22797,29983,21629,21147,41,29983,21629,21147,10,10,32,32,32,32,32,32,32,32,32,32,32,32,32,32,32,32,32,32,22238,22797,29983,21629,21147,10,10,32,32,32,32,32,32,32,32,32,32,32,32,22238,22797,23456,29289,30340,29983,21629,21147,21644,39764,27861}
Debug: 
                   ???????

                    0??????

                   ????????

              ???§ß??97430?????? = {10,32,32,32,32,32,32,32,32,32,32,32,32,32,32,32,32,32,32,32,22238,22797,23456,29289,10,10,32,32,32,32,32,32,32,32,32,32,32,32,32,32,32,32,32,32,32,32,48,20010,37329,24065,10,10,32,32,32,32,32,32,32,32,32,32,32,32,32,32,32,32,32,32,32,21487,20197,21527,65311,10,10,32,32,32,32,32,32,32,32,32,32,32,32,32,32,25345,26377,37329,38065,57,55,52,51,48,20010,37329,24065}
Debug: 3\n\n                  ????????\n\n          ??????(+?????????)??????\n\n                  ?????????\n\n            ???????????????????? = {51,92,110,92,110,32,32,32,32,32,32,32,32,32,32,32,32,32,32,32,32,32,32,35201,22238,22797,21527,65311,92,110,92,110,32,32,32,32,32,32,32,32,32,32,22238,22797,39764,27861,40,43,22238,22797,29983,21629,21147,41,29983,21629,21147,92,110,92,110,32,32,32,32,32,32,32,32,32,32,32,32,32,32,32,32,32,32,22238,22797,29983,21629,21147,92,110,92,110,32,32,32,32,32,32,32,32,32,32,32,32,22238,22797,23456,29289,30340,29983,21629,21147,21644,39764,27861}
Debug: 3

                  ????????

          ??????(+?????????)??????

                  ?????????

            ???????????????????? = {51,10,10,32,32,32,32,32,32,32,32,32,32,32,32,32,32,32,32,32,32,35201,22238,22797,21527,65311,10,10,32,32,32,32,32,32,32,32,32,32,22238,22797,39764,27861,40,43,22238,22797,29983,21629,21147,41,29983,21629,21147,10,10,32,32,32,32,32,32,32,32,32,32,32,32,32,32,32,32,32,32,22238,22797,29983,21629,21147,10,10,32,32,32,32,32,32,32,32,32,32,32,32,22238,22797,23456,29289,30340,29983,21629,21147,21644,39764,27861}
Debug: 
                   ???????

                    0??????

                   ????????

              ???§ß??97430?????? = {10,32,32,32,32,32,32,32,32,32,32,32,32,32,32,32,32,32,32,32,22238,22797,23456,29289,10,10,32,32,32,32,32,32,32,32,32,32,32,32,32,32,32,32,32,32,32,32,48,20010,37329,24065,10,10,32,32,32,32,32,32,32,32,32,32,32,32,32,32,32,32,32,32,32,21487,20197,21527,65311,10,10,32,32,32,32,32,32,32,32,32,32,32,32,32,32,25345,26377,37329,38065,57,55,52,51,48,20010,37329,24065}
Debug: 3

                  ????????

          ??????(+?????????)??????

                  ?????????

            ???????????????????? = {51,10,10,32,32,32,32,32,32,32,32,32,32,32,32,32,32,32,32,32,32,35201,22238,22797,21527,65311,10,10,32,32,32,32,32,32,32,32,32,32,22238,22797,39764,27861,40,43,22238,22797,29983,21629,21147,41,29983,21629,21147,10,10,32,32,32,32,32,32,32,32,32,32,32,32,32,32,32,32,32,32,22238,22797,29983,21629,21147,10,10,32,32,32,32,32,32,32,32,32,32,32,32,22238,22797,23456,29289,30340,29983,21629,21147,21644,39764,27861}
Debug: 
 ???????????  571/  596?????????? 1217/ 1217
????????????  596/  596?????????? 1217/ 1217

             ??????????25??????
             ???§ß????97430??????

                  ???????? = {10,32,29616,22312,39764,27861,21147,65306,32,32,53,55,49,47,32,32,53,57,54,9472,29983,21629,21147,65306,32,49,50,49,55,47,32,49,50,49,55,10,22238,22797,21518,39764,27861,21147,65306,32,32,53,57,54,47,32,32,53,57,54,9472,29983,21629,21147,65306,32,49,50,49,55,47,32,49,50,49,55,10,10,32,32,32,32,32,32,32,32,32,32,32,32,32,22238,22797,38656,35201,33457,36153,50,53,20010,37329,24065,10,32,32,32,32,32,32,32,32,32,32,32,32,32,29616,26377,37329,38065,26159,57,55,52,51,48,20010,37329,24065,10,10,32,32,32,32,32,32,32,32,32,32,32,32,32,32,32,32,32,32,35201,22238,22797,21527,65311}
Debug: 3

                  ????????

          ??????(+?????????)??????

                  ?????????

            ???????????????????? = {51,10,10,32,32,32,32,32,32,32,32,32,32,32,32,32,32,32,32,32,32,35201,22238,22797,21527,65311,10,10,32,32,32,32,32,32,32,32,32,32,22238,22797,39764,27861,40,43,22238,22797,29983,21629,21147,41,29983,21629,21147,10,10,32,32,32,32,32,32,32,32,32,32,32,32,32,32,32,32,32,32,22238,22797,29983,21629,21147,10,10,32,32,32,32,32,32,32,32,32,32,32,32,22238,22797,23456,29289,30340,29983,21629,21147,21644,39764,27861}
Debug: 
 ???????????  571/  596?????????? 1217/ 1217
????????????  596/  596?????????? 1217/ 1217

             ??????????25??????
             ???§ß????97430??????

                  ???????? = {10,32,29616,22312,39764,27861,21147,65306,32,32,53,55,49,47,32,32,53,57,54,9472,29983,21629,21147,65306,32,49,50,49,55,47,32,49,50,49,55,10,22238,22797,21518,39764,27861,21147,65306,32,32,53,57,54,47,32,32,53,57,54,9472,29983,21629,21147,65306,32,49,50,49,55,47,32,49,50,49,55,10,10,32,32,32,32,32,32,32,32,32,32,32,32,32,22238,22797,38656,35201,33457,36153,50,53,20010,37329,24065,10,32,32,32,32,32,32,32,32,32,32,32,32,32,29616,26377,37329,38065,26159,57,55,52,51,48,20010,37329,24065,10,10,32,32,32,32,32,32,32,32,32,32,32,32,32,32,32,32,32,32,35201,22238,22797,21527,65311}
Debug: 3

                  ????????

          ??????(+?????????)??????

                  ?????????

            ???????????????????? = {51,10,10,32,32,32,32,32,32,32,32,32,32,32,32,32,32,32,32,32,32,35201,22238,22797,21527,65311,10,10,32,32,32,32,32,32,32,32,32,32,22238,22797,39764,27861,40,43,22238,22797,29983,21629,21147,41,29983,21629,21147,10,10,32,32,32,32,32,32,32,32,32,32,32,32,32,32,32,32,32,32,22238,22797,29983,21629,21147,10,10,32,32,32,32,32,32,32,32,32,32,32,32,22238,22797,23456,29289,30340,29983,21629,21147,21644,39764,27861}
Debug: 
 ???????????  571/  596?????????? 1217/ 1217
????????????  596/  596?????????? 1217/ 1217

             ??????????25??????
             ???§ß????97430??????

                  ???????? = {10,32,29616,22312,39764,27861,21147,65306,32,32,53,55,49,47,32,32,53,57,54,9472,29983,21629,21147,65306,32,49,50,49,55,47,32,49,50,49,55,10,22238,22797,21518,39764,27861,21147,65306,32,32,53,57,54,47,32,32,53,57,54,9472,29983,21629,21147,65306,32,49,50,49,55,47,32,49,50,49,55,10,10,32,32,32,32,32,32,32,32,32,32,32,32,32,22238,22797,38656,35201,33457,36153,50,53,20010,37329,24065,10,32,32,32,32,32,32,32,32,32,32,32,32,32,29616,26377,37329,38065,26159,57,55,52,51,48,20010,37329,24065,10,10,32,32,32,32,32,32,32,32,32,32,32,32,32,32,32,32,32,32,35201,22238,22797,21527,65311}
Debug: 3

                  ????????

          ??????(+?????????)??????

                  ?????????

            ???????????????????? = {51,10,10,32,32,32,32,32,32,32,32,32,32,32,32,32,32,32,32,32,32,35201,22238,22797,21527,65311,10,10,32,32,32,32,32,32,32,32,32,32,22238,22797,39764,27861,40,43,22238,22797,29983,21629,21147,41,29983,21629,21147,10,10,32,32,32,32,32,32,32,32,32,32,32,32,32,32,32,32,32,32,22238,22797,29983,21629,21147,10,10,32,32,32,32,32,32,32,32,32,32,32,32,22238,22797,23456,29289,30340,29983,21629,21147,21644,39764,27861}
Debug: 
 ???????????  571/  596?????????? 1217/ 1217
????????????  596/  596?????????? 1217/ 1217

             ??????????25??????
             ???§ß????97430??????

                  ???????? = {10,32,29616,22312,39764,27861,21147,65306,32,32,53,55,49,47,32,32,53,57,54,9472,29983,21629,21147,65306,32,49,50,49,55,47,32,49,50,49,55,10,22238,22797,21518,39764,27861,21147,65306,32,32,53,57,54,47,32,32,53,57,54,9472,29983,21629,21147,65306,32,49,50,49,55,47,32,49,50,49,55,10,10,32,32,32,32,32,32,32,32,32,32,32,32,32,22238,22797,38656,35201,33457,36153,50,53,20010,37329,24065,10,32,32,32,32,32,32,32,32,32,32,32,32,32,29616,26377,37329,38065,26159,57,55,52,51,48,20010,37329,24065,10,10,32,32,32,32,32,32,32,32,32,32,32,32,32,32,32,32,32,32,35201,22238,22797,21527,65311}
Debug: 3

                  ????????

          ??????(+?????????)??????

                  ?????????

            ???????????????????? = {51,10,10,32,32,32,32,32,32,32,32,32,32,32,32,32,32,32,32,32,32,35201,22238,22797,21527,65311,10,10,32,32,32,32,32,32,32,32,32,32,22238,22797,39764,27861,40,43,22238,22797,29983,21629,21147,41,29983,21629,21147,10,10,32,32,32,32,32,32,32,32,32,32,32,32,32,32,32,32,32,32,22238,22797,29983,21629,21147,10,10,32,32,32,32,32,32,32,32,32,32,32,32,22238,22797,23456,29289,30340,29983,21629,21147,21644,39764,27861}
Debug: 
 ???????????  571/  596?????????? 1217/ 1217
????????????  596/  596?????????? 1217/ 1217

             ??????????25??????
             ???§ß????97430??????

                  ???????? = {10,32,29616,22312,39764,27861,21147,65306,32,32,53,55,49,47,32,32,53,57,54,9472,29983,21629,21147,65306,32,49,50,49,55,47,32,49,50,49,55,10,22238,22797,21518,39764,27861,21147,65306,32,32,53,57,54,47,32,32,53,57,54,9472,29983,21629,21147,65306,32,49,50,49,55,47,32,49,50,49,55,10,10,32,32,32,32,32,32,32,32,32,32,32,32,32,22238,22797,38656,35201,33457,36153,50,53,20010,37329,24065,10,32,32,32,32,32,32,32,32,32,32,32,32,32,29616,26377,37329,38065,26159,57,55,52,51,48,20010,37329,24065,10,10,32,32,32,32,32,32,32,32,32,32,32,32,32,32,32,32,32,32,35201,22238,22797,21527,65311}
Debug: 3

                  ????????

          ??????(+?????????)??????

                  ?????????

            ???????????????????? = {51,10,10,32,32,32,32,32,32,32,32,32,32,32,32,32,32,32,32,32,32,35201,22238,22797,21527,65311,10,10,32,32,32,32,32,32,32,32,32,32,22238,22797,39764,27861,40,43,22238,22797,29983,21629,21147,41,29983,21629,21147,10,10,32,32,32,32,32,32,32,32,32,32,32,32,32,32,32,32,32,32,22238,22797,29983,21629,21147,10,10,32,32,32,32,32,32,32,32,32,32,32,32,22238,22797,23456,29289,30340,29983,21629,21147,21644,39764,27861}
Debug: 
 ???????????  571/  596?????????? 1217/ 1217
????????????  596/  596?????????? 1217/ 1217

             ??????????25??????
             ???§ß????97430??????

                  ???????? = {10,32,29616,22312,39764,27861,21147,65306,32,32,53,55,49,47,32,32,53,57,54,9472,29983,21629,21147,65306,32,49,50,49,55,47,32,49,50,49,55,10,22238,22797,21518,39764,27861,21147,65306,32,32,53,57,54,47,32,32,53,57,54,9472,29983,21629,21147,65306,32,49,50,49,55,47,32,49,50,49,55,10,10,32,32,32,32,32,32,32,32,32,32,32,32,32,22238,22797,38656,35201,33457,36153,50,53,20010,37329,24065,10,32,32,32,32,32,32,32,32,32,32,32,32,32,29616,26377,37329,38065,26159,57,55,52,51,48,20010,37329,24065,10,10,32,32,32,32,32,32,32,32,32,32,32,32,32,32,32,32,32,32,35201,22238,22797,21527,65311}
Debug: 3

                  ????????

          ??????(+?????????)??????

                  ?????????

            ???????????????????? = {51,10,10,32,32,32,32,32,32,32,32,32,32,32,32,32,32,32,32,32,32,35201,22238,22797,21527,65311,10,10,32,32,32,32,32,32,32,32,32,32,22238,22797,39764,27861,40,43,22238,22797,29983,21629,21147,41,29983,21629,21147,10,10,32,32,32,32,32,32,32,32,32,32,32,32,32,32,32,32,32,32,22238,22797,29983,21629,21147,10,10,32,32,32,32,32,32,32,32,32,32,32,32,22238,22797,23456,29289,30340,29983,21629,21147,21644,39764,27861}
Debug: 
               ????§Ý?????? = {10,32,32,32,32,32,32,32,32,32,32,32,32,32,32,32,20320,27809,26377,22238,22797,30340,24517,35201}
Debug: 3

                  ????????

          ??????(+?????????)??????

                  ?????????

            ???????????????????? = {51,10,10,32,32,32,32,32,32,32,32,32,32,32,32,32,32,32,32,32,32,35201,22238,22797,21527,65311,10,10,32,32,32,32,32,32,32,32,32,32,22238,22797,39764,27861,40,43,22238,22797,29983,21629,21147,41,29983,21629,21147,10,10,32,32,32,32,32,32,32,32,32,32,32,32,32,32,32,32,32,32,22238,22797,29983,21629,21147,10,10,32,32,32,32,32,32,32,32,32,32,32,32,22238,22797,23456,29289,30340,29983,21629,21147,21644,39764,27861}
Debug: 
               ????§Ý?????? = {10,32,32,32,32,32,32,32,32,32,32,32,32,32,32,32,20320,27809,26377,22238,22797,30340,24517,35201}
Debug: 3

                  ????????

          ??????(+?????????)??????

                  ?????????

            ???????????????????? = {51,10,10,32,32,32,32,32,32,32,32,32,32,32,32,32,32,32,32,32,32,35201,22238,22797,21527,65311,10,10,32,32,32,32,32,32,32,32,32,32,22238,22797,39764,27861,40,43,22238,22797,29983,21629,21147,41,29983,21629,21147,10,10,32,32,32,32,32,32,32,32,32,32,32,32,32,32,32,32,32,32,22238,22797,29983,21629,21147,10,10,32,32,32,32,32,32,32,32,32,32,32,32,22238,22797,23456,29289,30340,29983,21629,21147,21644,39764,27861}
Debug: 
               ????§Ý?????? = {10,32,32,32,32,32,32,32,32,32,32,32,32,32,32,32,20320,27809,26377,22238,22797,30340,24517,35201}
Debug: 3

                  ????????

          ??????(+?????????)??????

                  ?????????

            ???????????????????? = {51,10,10,32,32,32,32,32,32,32,32,32,32,32,32,32,32,32,32,32,32,35201,22238,22797,21527,65311,10,10,32,32,32,32,32,32,32,32,32,32,22238,22797,39764,27861,40,43,22238,22797,29983,21629,21147,41,29983,21629,21147,10,10,32,32,32,32,32,32,32,32,32,32,32,32,32,32,32,32,32,32,22238,22797,29983,21629,21147,10,10,32,32,32,32,32,32,32,32,32,32,32,32,22238,22797,23456,29289,30340,29983,21629,21147,21644,39764,27861}
Debug: 
               ????§Ý?????? = {10,32,32,32,32,32,32,32,32,32,32,32,32,32,32,32,20320,27809,26377,22238,22797,30340,24517,35201}
Debug: 3

                  ????????

          ??????(+?????????)??????

                  ?????????

            ???????????????????? = {51,10,10,32,32,32,32,32,32,32,32,32,32,32,32,32,32,32,32,32,32,35201,22238,22797,21527,65311,10,10,32,32,32,32,32,32,32,32,32,32,22238,22797,39764,27861,40,43,22238,22797,29983,21629,21147,41,29983,21629,21147,10,10,32,32,32,32,32,32,32,32,32,32,32,32,32,32,32,32,32,32,22238,22797,29983,21629,21147,10,10,32,32,32,32,32,32,32,32,32,32,32,32,22238,22797,23456,29289,30340,29983,21629,21147,21644,39764,27861}
Debug: 
               ????§Ý?????? = {10,32,32,32,32,32,32,32,32,32,32,32,32,32,32,32,20320,27809,26377,22238,22797,30340,24517,35201}
Debug: 3

                  ????????

          ??????(+?????????)??????

                  ?????????

            ???????????????????? = {51,10,10,32,32,32,32,32,32,32,32,32,32,32,32,32,32,32,32,32,32,35201,22238,22797,21527,65311,10,10,32,32,32,32,32,32,32,32,32,32,22238,22797,39764,27861,40,43,22238,22797,29983,21629,21147,41,29983,21629,21147,10,10,32,32,32,32,32,32,32,32,32,32,32,32,32,32,32,32,32,32,22238,22797,29983,21629,21147,10,10,32,32,32,32,32,32,32,32,32,32,32,32,22238,22797,23456,29289,30340,29983,21629,21147,21644,39764,27861}
Debug: 
               ????§Ý?????? = {10,32,32,32,32,32,32,32,32,32,32,32,32,32,32,32,20320,27809,26377,22238,22797,30340,24517,35201}
Debug: 3

                  ????????

          ??????(+?????????)??????

                  ?????????

            ???????????????????? = {51,10,10,32,32,32,32,32,32,32,32,32,32,32,32,32,32,32,32,32,32,35201,22238,22797,21527,65311,10,10,32,32,32,32,32,32,32,32,32,32,22238,22797,39764,27861,40,43,22238,22797,29983,21629,21147,41,29983,21629,21147,10,10,32,32,32,32,32,32,32,32,32,32,32,32,32,32,32,32,32,32,22238,22797,29983,21629,21147,10,10,32,32,32,32,32,32,32,32,32,32,32,32,22238,22797,23456,29289,30340,29983,21629,21147,21644,39764,27861}
Debug: 
               ????§Ý?????? = {10,32,32,32,32,32,32,32,32,32,32,32,32,32,32,32,20320,27809,26377,22238,22797,30340,24517,35201}
Debug: 3

                  ????????

          ??????(+?????????)??????

                  ?????????

            ???????????????????? = {51,10,10,32,32,32,32,32,32,32,32,32,32,32,32,32,32,32,32,32,32,35201,22238,22797,21527,65311,10,10,32,32,32,32,32,32,32,32,32,32,22238,22797,39764,27861,40,43,22238,22797,29983,21629,21147,41,29983,21629,21147,10,10,32,32,32,32,32,32,32,32,32,32,32,32,32,32,32,32,32,32,22238,22797,29983,21629,21147,10,10,32,32,32,32,32,32,32,32,32,32,32,32,22238,22797,23456,29289,30340,29983,21629,21147,21644,39764,27861}
Debug: 
               ????§Ý?????? = {10,32,32,32,32,32,32,32,32,32,32,32,32,32,32,32,20320,27809,26377,22238,22797,30340,24517,35201}
Debug: 3

                  ????????

          ??????(+?????????)??????

                  ?????????

            ???????????????????? = {51,10,10,32,32,32,32,32,32,32,32,32,32,32,32,32,32,32,32,32,32,35201,22238,22797,21527,65311,10,10,32,32,32,32,32,32,32,32,32,32,22238,22797,39764,27861,40,43,22238,22797,29983,21629,21147,41,29983,21629,21147,10,10,32,32,32,32,32,32,32,32,32,32,32,32,32,32,32,32,32,32,22238,22797,29983,21629,21147,10,10,32,32,32,32,32,32,32,32,32,32,32,32,22238,22797,23456,29289,30340,29983,21629,21147,21644,39764,27861}
Debug: 
               ????§Ý?????? = {10,32,32,32,32,32,32,32,32,32,32,32,32,32,32,32,20320,27809,26377,22238,22797,30340,24517,35201}
Debug: 3

                  ????????

          ??????(+?????????)??????

                  ?????????

            ???????????????????? = {51,10,10,32,32,32,32,32,32,32,32,32,32,32,32,32,32,32,32,32,32,35201,22238,22797,21527,65311,10,10,32,32,32,32,32,32,32,32,32,32,22238,22797,39764,27861,40,43,22238,22797,29983,21629,21147,41,29983,21629,21147,10,10,32,32,32,32,32,32,32,32,32,32,32,32,32,32,32,32,32,32,22238,22797,29983,21629,21147,10,10,32,32,32,32,32,32,32,32,32,32,32,32,22238,22797,23456,29289,30340,29983,21629,21147,21644,39764,27861}
Debug: 
               ????§Ý?????? = {10,32,32,32,32,32,32,32,32,32,32,32,32,32,32,32,20320,27809,26377,22238,22797,30340,24517,35201}
Debug: 3

                  ????????

          ??????(+?????????)??????

                  ?????????

            ???????????????????? = {51,10,10,32,32,32,32,32,32,32,32,32,32,32,32,32,32,32,32,32,32,35201,22238,22797,21527,65311,10,10,32,32,32,32,32,32,32,32,32,32,22238,22797,39764,27861,40,43,22238,22797,29983,21629,21147,41,29983,21629,21147,10,10,32,32,32,32,32,32,32,32,32,32,32,32,32,32,32,32,32,32,22238,22797,29983,21629,21147,10,10,32,32,32,32,32,32,32,32,32,32,32,32,22238,22797,23456,29289,30340,29983,21629,21147,21644,39764,27861}
Debug: 
               ????§Ý?????? = {10,32,32,32,32,32,32,32,32,32,32,32,32,32,32,32,20320,27809,26377,22238,22797,30340,24517,35201}
Debug: 3

                  ????????

          ??????(+?????????)??????

                  ?????????

            ???????????????????? = {51,10,10,32,32,32,32,32,32,32,32,32,32,32,32,32,32,32,32,32,32,35201,22238,22797,21527,65311,10,10,32,32,32,32,32,32,32,32,32,32,22238,22797,39764,27861,40,43,22238,22797,29983,21629,21147,41,29983,21629,21147,10,10,32,32,32,32,32,32,32,32,32,32,32,32,32,32,32,32,32,32,22238,22797,29983,21629,21147,10,10,32,32,32,32,32,32,32,32,32,32,32,32,22238,22797,23456,29289,30340,29983,21629,21147,21644,39764,27861}
Debug: 
               ????§Ý?????? = {10,32,32,32,32,32,32,32,32,32,32,32,32,32,32,32,20320,27809,26377,22238,22797,30340,24517,35201}
Debug: 3

                  ????????

          ??????(+?????????)??????

                  ?????????

            ???????????????????? = {51,10,10,32,32,32,32,32,32,32,32,32,32,32,32,32,32,32,32,32,32,35201,22238,22797,21527,65311,10,10,32,32,32,32,32,32,32,32,32,32,22238,22797,39764,27861,40,43,22238,22797,29983,21629,21147,41,29983,21629,21147,10,10,32,32,32,32,32,32,32,32,32,32,32,32,32,32,32,32,32,32,22238,22797,29983,21629,21147,10,10,32,32,32,32,32,32,32,32,32,32,32,32,22238,22797,23456,29289,30340,29983,21629,21147,21644,39764,27861}
Debug: 
               ????§Ý?????? = {10,32,32,32,32,32,32,32,32,32,32,32,32,32,32,32,20320,27809,26377,22238,22797,30340,24517,35201}
Debug: 3

                  ????????

          ??????(+?????????)??????

                  ?????????

            ???????????????????? = {51,10,10,32,32,32,32,32,32,32,32,32,32,32,32,32,32,32,32,32,32,35201,22238,22797,21527,65311,10,10,32,32,32,32,32,32,32,32,32,32,22238,22797,39764,27861,40,43,22238,22797,29983,21629,21147,41,29983,21629,21147,10,10,32,32,32,32,32,32,32,32,32,32,32,32,32,32,32,32,32,32,22238,22797,29983,21629,21147,10,10,32,32,32,32,32,32,32,32,32,32,32,32,22238,22797,23456,29289,30340,29983,21629,21147,21644,39764,27861}
Debug: 
               ????§Ý?????? = {10,32,32,32,32,32,32,32,32,32,32,32,32,32,32,32,20320,27809,26377,22238,22797,30340,24517,35201}
Debug: 3

                  ????????

          ??????(+?????????)??????

                  ?????????

            ???????????????????? = {51,10,10,32,32,32,32,32,32,32,32,32,32,32,32,32,32,32,32,32,32,35201,22238,22797,21527,65311,10,10,32,32,32,32,32,32,32,32,32,32,22238,22797,39764,27861,40,43,22238,22797,29983,21629,21147,41,29983,21629,21147,10,10,32,32,32,32,32,32,32,32,32,32,32,32,32,32,32,32,32,32,22238,22797,29983,21629,21147,10,10,32,32,32,32,32,32,32,32,32,32,32,32,22238,22797,23456,29289,30340,29983,21629,21147,21644,39764,27861}
Debug: 
               ????§Ý?????? = {10,32,32,32,32,32,32,32,32,32,32,32,32,32,32,32,20320,27809,26377,22238,22797,30340,24517,35201}
Debug: 3

                  ????????

          ??????(+?????????)??????

                  ?????????

            ???????????????????? = {51,10,10,32,32,32,32,32,32,32,32,32,32,32,32,32,32,32,32,32,32,35201,22238,22797,21527,65311,10,10,32,32,32,32,32,32,32,32,32,32,22238,22797,39764,27861,40,43,22238,22797,29983,21629,21147,41,29983,21629,21147,10,10,32,32,32,32,32,32,32,32,32,32,32,32,32,32,32,32,32,32,22238,22797,29983,21629,21147,10,10,32,32,32,32,32,32,32,32,32,32,32,32,22238,22797,23456,29289,30340,29983,21629,21147,21644,39764,27861}
Debug: 
               ????§Ý?????? = {10,32,32,32,32,32,32,32,32,32,32,32,32,32,32,32,20320,27809,26377,22238,22797,30340,24517,35201}
Debug: 3

                  ????????

          ??????(+?????????)??????

                  ?????????

            ???????????????????? = {51,10,10,32,32,32,32,32,32,32,32,32,32,32,32,32,32,32,32,32,32,35201,22238,22797,21527,65311,10,10,32,32,32,32,32,32,32,32,32,32,22238,22797,39764,27861,40,43,22238,22797,29983,21629,21147,41,29983,21629,21147,10,10,32,32,32,32,32,32,32,32,32,32,32,32,32,32,32,32,32,32,22238,22797,29983,21629,21147,10,10,32,32,32,32,32,32,32,32,32,32,32,32,22238,22797,23456,29289,30340,29983,21629,21147,21644,39764,27861}
Debug: 
               ????§Ý?????? = {10,32,32,32,32,32,32,32,32,32,32,32,32,32,32,32,20320,27809,26377,22238,22797,30340,24517,35201}
Debug: 3

                  ????????

          ??????(+?????????)??????

                  ?????????

            ???????????????????? = {51,10,10,32,32,32,32,32,32,32,32,32,32,32,32,32,32,32,32,32,32,35201,22238,22797,21527,65311,10,10,32,32,32,32,32,32,32,32,32,32,22238,22797,39764,27861,40,43,22238,22797,29983,21629,21147,41,29983,21629,21147,10,10,32,32,32,32,32,32,32,32,32,32,32,32,32,32,32,32,32,32,22238,22797,29983,21629,21147,10,10,32,32,32,32,32,32,32,32,32,32,32,32,22238,22797,23456,29289,30340,29983,21629,21147,21644,39764,27861}
Debug: 
               ????§Ý?????? = {10,32,32,32,32,32,32,32,32,32,32,32,32,32,32,32,20320,27809,26377,22238,22797,30340,24517,35201}
Debug: 3

                  ????????

          ??????(+?????????)??????

                  ?????????

            ???????????????????? = {51,10,10,32,32,32,32,32,32,32,32,32,32,32,32,32,32,32,32,32,32,35201,22238,22797,21527,65311,10,10,32,32,32,32,32,32,32,32,32,32,22238,22797,39764,27861,40,43,22238,22797,29983,21629,21147,41,29983,21629,21147,10,10,32,32,32,32,32,32,32,32,32,32,32,32,32,32,32,32,32,32,22238,22797,29983,21629,21147,10,10,32,32,32,32,32,32,32,32,32,32,32,32,22238,22797,23456,29289,30340,29983,21629,21147,21644,39764,27861}
Debug: 
               ????§Ý?????? = {10,32,32,32,32,32,32,32,32,32,32,32,32,32,32,32,20320,27809,26377,22238,22797,30340,24517,35201}
Debug: 3

                  ????????

          ??????(+?????????)??????

                  ?????????

            ???????????????????? = {51,10,10,32,32,32,32,32,32,32,32,32,32,32,32,32,32,32,32,32,32,35201,22238,22797,21527,65311,10,10,32,32,32,32,32,32,32,32,32,32,22238,22797,39764,27861,40,43,22238,22797,29983,21629,21147,41,29983,21629,21147,10,10,32,32,32,32,32,32,32,32,32,32,32,32,32,32,32,32,32,32,22238,22797,29983,21629,21147,10,10,32,32,32,32,32,32,32,32,32,32,32,32,22238,22797,23456,29289,30340,29983,21629,21147,21644,39764,27861}
Debug: 
               ????§Ý?????? = {10,32,32,32,32,32,32,32,32,32,32,32,32,32,32,32,20320,27809,26377,22238,22797,30340,24517,35201}
Debug: 3

                  ????????

          ??????(+?????????)??????

                  ?????????

            ???????????????????? = {51,10,10,32,32,32,32,32,32,32,32,32,32,32,32,32,32,32,32,32,32,35201,22238,22797,21527,65311,10,10,32,32,32,32,32,32,32,32,32,32,22238,22797,39764,27861,40,43,22238,22797,29983,21629,21147,41,29983,21629,21147,10,10,32,32,32,32,32,32,32,32,32,32,32,32,32,32,32,32,32,32,22238,22797,29983,21629,21147,10,10,32,32,32,32,32,32,32,32,32,32,32,32,22238,22797,23456,29289,30340,29983,21629,21147,21644,39764,27861}
Debug: 
               ????§Ý?????? = {10,32,32,32,32,32,32,32,32,32,32,32,32,32,32,32,20320,27809,26377,22238,22797,30340,24517,35201}
Debug: 3

                  ????????

          ??????(+?????????)??????

                  ?????????

            ???????????????????? = {51,10,10,32,32,32,32,32,32,32,32,32,32,32,32,32,32,32,32,32,32,35201,22238,22797,21527,65311,10,10,32,32,32,32,32,32,32,32,32,32,22238,22797,39764,27861,40,43,22238,22797,29983,21629,21147,41,29983,21629,21147,10,10,32,32,32,32,32,32,32,32,32,32,32,32,32,32,32,32,32,32,22238,22797,29983,21629,21147,10,10,32,32,32,32,32,32,32,32,32,32,32,32,22238,22797,23456,29289,30340,29983,21629,21147,21644,39764,27861}
Debug: 
               ????§Ý?????? = {10,32,32,32,32,32,32,32,32,32,32,32,32,32,32,32,20320,27809,26377,22238,22797,30340,24517,35201}
Debug: 3

                  ????????

          ??????(+?????????)??????

                  ?????????

            ???????????????????? = {51,10,10,32,32,32,32,32,32,32,32,32,32,32,32,32,32,32,32,32,32,35201,22238,22797,21527,65311,10,10,32,32,32,32,32,32,32,32,32,32,22238,22797,39764,27861,40,43,22238,22797,29983,21629,21147,41,29983,21629,21147,10,10,32,32,32,32,32,32,32,32,32,32,32,32,32,32,32,32,32,32,22238,22797,29983,21629,21147,10,10,32,32,32,32,32,32,32,32,32,32,32,32,22238,22797,23456,29289,30340,29983,21629,21147,21644,39764,27861}
Debug: 3

                  ????????

          ??????(+?????????)??????

                  ?????????

            ???????????????????? = {51,10,10,32,32,32,32,32,32,32,32,32,32,32,32,32,32,32,32,32,32,35201,22238,22797,21527,65311,10,10,32,32,32,32,32,32,32,32,32,32,22238,22797,39764,27861,40,43,22238,22797,29983,21629,21147,41,29983,21629,21147,10,10,32,32,32,32,32,32,32,32,32,32,32,32,32,32,32,32,32,32,22238,22797,29983,21629,21147,10,10,32,32,32,32,32,32,32,32,32,32,32,32,22238,22797,23456,29289,30340,29983,21629,21147,21644,39764,27861}
Debug: 
               ????§Ý?????? = {10,32,32,32,32,32,32,32,32,32,32,32,32,32,32,32,20320,27809,26377,22238,22797,30340,24517,35201}
Debug: 3

                  ????????

          ??????(+?????????)??????

                  ?????????

            ???????????????????? = {51,10,10,32,32,32,32,32,32,32,32,32,32,32,32,32,32,32,32,32,32,35201,22238,22797,21527,65311,10,10,32,32,32,32,32,32,32,32,32,32,22238,22797,39764,27861,40,43,22238,22797,29983,21629,21147,41,29983,21629,21147,10,10,32,32,32,32,32,32,32,32,32,32,32,32,32,32,32,32,32,32,22238,22797,29983,21629,21147,10,10,32,32,32,32,32,32,32,32,32,32,32,32,22238,22797,23456,29289,30340,29983,21629,21147,21644,39764,27861}
Debug: 
               ????§Ý?????? = {10,32,32,32,32,32,32,32,32,32,32,32,32,32,32,32,20320,27809,26377,22238,22797,30340,24517,35201}
Debug: 3

                  ????????

          ??????(+?????????)??????

                  ?????????

            ???????????????????? = {51,10,10,32,32,32,32,32,32,32,32,32,32,32,32,32,32,32,32,32,32,35201,22238,22797,21527,65311,10,10,32,32,32,32,32,32,32,32,32,32,22238,22797,39764,27861,40,43,22238,22797,29983,21629,21147,41,29983,21629,21147,10,10,32,32,32,32,32,32,32,32,32,32,32,32,32,32,32,32,32,32,22238,22797,29983,21629,21147,10,10,32,32,32,32,32,32,32,32,32,32,32,32,22238,22797,23456,29289,30340,29983,21629,21147,21644,39764,27861}
Debug: 3

                  ????????

          ??????(+?????????)??????

                  ?????????

            ???????????????????? = {51,10,10,32,32,32,32,32,32,32,32,32,32,32,32,32,32,32,32,32,32,35201,22238,22797,21527,65311,10,10,32,32,32,32,32,32,32,32,32,32,22238,22797,39764,27861,40,43,22238,22797,29983,21629,21147,41,29983,21629,21147,10,10,32,32,32,32,32,32,32,32,32,32,32,32,32,32,32,32,32,32,22238,22797,29983,21629,21147,10,10,32,32,32,32,32,32,32,32,32,32,32,32,22238,22797,23456,29289,30340,29983,21629,21147,21644,39764,27861}
Debug: 
                   ??????134

             ?????????67??????

                   ????????

                ???45259?????? = {10,32,32,32,32,32,32,32,32,32,32,32,32,32,32,32,32,32,32,32,29983,21629,21147,49,51,52,10,10,32,32,32,32,32,32,32,32,32,32,32,32,32,30340,22238,22797,24635,20849,26159,54,55,20010,37329,24065,10,10,32,32,32,32,32,32,32,32,32,32,32,32,32,32,32,32,32,32,32,21487,20197,21527,65311,10,10,32,32,32,32,32,32,32,32,32,32,32,32,32,32,32,32,29616,37329,52,53,50,53,57,20010,37329,24065}
Debug: 
               ?????????????? = {10,32,32,32,32,32,32,32,32,32,32,32,32,32,32,32,29983,21629,21147,24050,32463,22238,22797,20102}
Debug: 3

                  ????????

          ??????(+?????????)??????

                  ?????????

            ???????????????????? = {51,10,10,32,32,32,32,32,32,32,32,32,32,32,32,32,32,32,32,32,32,35201,22238,22797,21527,65311,10,10,32,32,32,32,32,32,32,32,32,32,22238,22797,39764,27861,40,43,22238,22797,29983,21629,21147,41,29983,21629,21147,10,10,32,32,32,32,32,32,32,32,32,32,32,32,32,32,32,32,32,32,22238,22797,29983,21629,21147,10,10,32,32,32,32,32,32,32,32,32,32,32,32,22238,22797,23456,29289,30340,29983,21629,21147,21644,39764,27861}
Debug: 
                   ???????

                    0??????

                   ????????

              ???§ß??45192?????? = {10,32,32,32,32,32,32,32,32,32,32,32,32,32,32,32,32,32,32,32,22238,22797,23456,29289,10,10,32,32,32,32,32,32,32,32,32,32,32,32,32,32,32,32,32,32,32,32,48,20010,37329,24065,10,10,32,32,32,32,32,32,32,32,32,32,32,32,32,32,32,32,32,32,32,21487,20197,21527,65311,10,10,32,32,32,32,32,32,32,32,32,32,32,32,32,32,25345,26377,37329,38065,52,53,49,57,50,20010,37329,24065}
Debug: 
                ???????????? = {10,32,32,32,32,32,32,32,32,32,32,32,32,32,32,32,32,23456,29289,24050,32463,22238,22797,20102}
Debug: 3

                  ????????

          ??????(+?????????)??????

                  ?????????

            ???????????????????? = {51,10,10,32,32,32,32,32,32,32,32,32,32,32,32,32,32,32,32,32,32,35201,22238,22797,21527,65311,10,10,32,32,32,32,32,32,32,32,32,32,22238,22797,39764,27861,40,43,22238,22797,29983,21629,21147,41,29983,21629,21147,10,10,32,32,32,32,32,32,32,32,32,32,32,32,32,32,32,32,32,32,22238,22797,29983,21629,21147,10,10,32,32,32,32,32,32,32,32,32,32,32,32,22238,22797,23456,29289,30340,29983,21629,21147,21644,39764,27861}
Debug: 
                   ???????

                    0??????

                   ????????

              ???§ß??45192?????? = {10,32,32,32,32,32,32,32,32,32,32,32,32,32,32,32,32,32,32,32,22238,22797,23456,29289,10,10,32,32,32,32,32,32,32,32,32,32,32,32,32,32,32,32,32,32,32,32,48,20010,37329,24065,10,10,32,32,32,32,32,32,32,32,32,32,32,32,32,32,32,32,32,32,32,21487,20197,21527,65311,10,10,32,32,32,32,32,32,32,32,32,32,32,32,32,32,25345,26377,37329,38065,52,53,49,57,50,20010,37329,24065}
Debug: 
               ????§Ý?????? = {10,32,32,32,32,32,32,32,32,32,32,32,32,32,32,32,20320,27809,26377,22238,22797,30340,24517,35201}
Debug: 3

                  ????????

          ??????(+?????????)??????

                  ?????????

            ???????????????????? = {51,10,10,32,32,32,32,32,32,32,32,32,32,32,32,32,32,32,32,32,32,35201,22238,22797,21527,65311,10,10,32,32,32,32,32,32,32,32,32,32,22238,22797,39764,27861,40,43,22238,22797,29983,21629,21147,41,29983,21629,21147,10,10,32,32,32,32,32,32,32,32,32,32,32,32,32,32,32,32,32,32,22238,22797,29983,21629,21147,10,10,32,32,32,32,32,32,32,32,32,32,32,32,22238,22797,23456,29289,30340,29983,21629,21147,21644,39764,27861}
Debug: 3

                  ????????

          ??????(+?????????)??????

                  ?????????

            ???????????????????? = {51,10,10,32,32,32,32,32,32,32,32,32,32,32,32,32,32,32,32,32,32,35201,22238,22797,21527,65311,10,10,32,32,32,32,32,32,32,32,32,32,22238,22797,39764,27861,40,43,22238,22797,29983,21629,21147,41,29983,21629,21147,10,10,32,32,32,32,32,32,32,32,32,32,32,32,32,32,32,32,32,32,22238,22797,29983,21629,21147,10,10,32,32,32,32,32,32,32,32,32,32,32,32,22238,22797,23456,29289,30340,29983,21629,21147,21644,39764,27861}
Debug: 3

                  ????????

          ??????(+?????????)??????

                  ?????????

            ???????????????????? = {51,10,10,32,32,32,32,32,32,32,32,32,32,32,32,32,32,32,32,32,32,35201,22238,22797,21527,65311,10,10,32,32,32,32,32,32,32,32,32,32,22238,22797,39764,27861,40,43,22238,22797,29983,21629,21147,41,29983,21629,21147,10,10,32,32,32,32,32,32,32,32,32,32,32,32,32,32,32,32,32,32,22238,22797,29983,21629,21147,10,10,32,32,32,32,32,32,32,32,32,32,32,32,22238,22797,23456,29289,30340,29983,21629,21147,21644,39764,27861}
Debug: 3

                  ????????

          ??????(+?????????)??????

                  ?????????

            ???????????????????? = {51,10,10,32,32,32,32,32,32,32,32,32,32,32,32,32,32,32,32,32,32,35201,22238,22797,21527,65311,10,10,32,32,32,32,32,32,32,32,32,32,22238,22797,39764,27861,40,43,22238,22797,29983,21629,21147,41,29983,21629,21147,10,10,32,32,32,32,32,32,32,32,32,32,32,32,32,32,32,32,32,32,22238,22797,29983,21629,21147,10,10,32,32,32,32,32,32,32,32,32,32,32,32,22238,22797,23456,29289,30340,29983,21629,21147,21644,39764,27861}
Debug: 3

                  ????????

          ??????(+?????????)??????

                  ?????????

            ???????????????????? = {51,10,10,32,32,32,32,32,32,32,32,32,32,32,32,32,32,32,32,32,32,35201,22238,22797,21527,65311,10,10,32,32,32,32,32,32,32,32,32,32,22238,22797,39764,27861,40,43,22238,22797,29983,21629,21147,41,29983,21629,21147,10,10,32,32,32,32,32,32,32,32,32,32,32,32,32,32,32,32,32,32,22238,22797,29983,21629,21147,10,10,32,32,32,32,32,32,32,32,32,32,32,32,22238,22797,23456,29289,30340,29983,21629,21147,21644,39764,27861}
